11101495 0
11101607 0
11101901 0
11101955 0
11101967 0
11102083 0
11102431 0
11102495 1
11102496 1
11102649 0
11110482 0
11110483 0
11110598 1
11110639 1
11110741 0
11110744 0
11110814 0
11110878 0
11110887 1
11110896 0
11110941 0
11110995 0
11111174 1
11111206 0
11111225 0
11111228 0
11111307 0
11111378 0
11111381 0
11111849 0
11111874 1
11111919 0
11112002 1
11112240 0
11112386 1
11112405 0
11112415 0
11112520 0
11112564 0
11112632 0
11112667 1
11120157 0
11120248 0
11120304 0
11120490 0
11120513 0
11120573 0
11120585 0
11120614 0
11120651 1
11120851 0
11120873 0
11120948 0
20003176 0
20090602 0
20090681 0
20090692 0
20090735 1
20090808 0
20090855 0
20091058 0
20091159 0
20091173 1
20091818 0
20091935 0
20091948 1
20092005 1
20092110 0
20092241 1
20092411 0
20092669 0
20092802 0
20092833 0
20093043 1
20093067 0
20093069 1
20093111 1
20100039 1
20100052 0
